4 0.2127403846153846 0.35336538461538464 0.4254807692307692 0.22596153846153846
24 0.23557692307692307 0.5348557692307693 0.47115384615384615 0.23317307692307693
6 0.22235576923076922 0.4387019230769231 0.44471153846153844 0.21875
35 0.30528846153846156 0.7512019230769231 0.5120192307692307 0.23076923076923078
11 0.27403846153846156 0.6298076923076923 0.5120192307692307 0.23076923076923078
0 0.6322115384615384 0.40865384615384615 0.3918269230769231 0.1875
0 0.5997596153846154 0.23918269230769232 0.41346153846153844 0.19951923076923078
9 0.6634615384615384 0.4951923076923077 0.4110576923076923 0.19230769230769232
0 0.5841346153846154 0.13822115384615385 0.39663461538461536 0.20192307692307693
15 0.7163461538461539 0.6682692307692307 0.3942307692307692 0.19471153846153846
22 0.7524038461538461 0.7680288461538461 0.45913461538461536 0.23798076923076922