6 0.7992788461538461 0.43028846153846156 0.1466346153846154 0.057692307692307696
19 0.8125 0.2644230769230769 0.16105769230769232 0.0625
5 0.8004807692307693 0.3858173076923077 0.14903846153846154 0.052884615384615384
8 0.7524038461538461 0.9230769230769231 0.13942307692307693 0.0625
2 0.7451923076923077 0.9723557692307693 0.1466346153846154 0.05048076923076923
2 0.8016826923076923 0.3401442307692308 0.15144230769230768 0.06490384615384616
27 0.8125 0.17908653846153846 0.16105769230769232 0.057692307692307696
14 0.8088942307692307 0.22235576923076922 0.1466346153846154 0.055288461538461536
6 0.47475961538461536 0.028846153846153848 0.1658653846153846 0.057692307692307696
7 0.4338942307692308 0.3473557692307692 0.13221153846153846 0.05048076923076923
32 0.44591346153846156 0.18509615384615385 0.12740384615384615 0.05048076923076923
5 0.4338942307692308 0.30528846153846156 0.15625 0.0625
9 0.4254807692307692 0.38461538461538464 0.15625 0.057692307692307696
32 0.4375 0.22596153846153846 0.12259615384615384 0.04807692307692308
1 0.43149038461538464 0.265625 0.13701923076923078 0.04567307692307692
3 0.4423076923076923 0.14543269230769232 0.14182692307692307 0.05048076923076923
2 0.38341346153846156 0.7896634615384616 0.15384615384615385 0.06490384615384616
8 0.3942307692307692 0.6129807692307693 0.14423076923076922 0.06490384615384616
6 0.3870192307692308 0.6899038461538461 0.15384615384615385 0.06009615384615385
1 0.38221153846153844 0.7379807692307693 0.15144230769230768 0.057692307692307696
5 0.39903846153846156 0.5228365384615384 0.13701923076923078 0.06490384615384616
6 0.39302884615384615 0.5673076923076923 0.14182692307692307 0.057692307692307696
32 0.15985576923076922 0.4831730769230769 0.17307692307692307 0.0625
34 0.15264423076923078 0.5324519230769231 0.15625 0.057692307692307696
3 0.1658653846153846 0.359375 0.15625 0.06009615384615385
10 0.15985576923076922 0.4338942307692308 0.1658653846153846 0.057692307692307696
6 0.17307692307692307 0.26322115384615385 0.14903846153846154 0.055288461538461536
2 0.16947115384615385 0.3125 0.14903846153846154 0.06490384615384616
8 0.18269230769230768 0.028846153846153848 0.15384615384615385 0.057692307692307696
9 0.17548076923076922 0.0733173076923077 0.14182692307692307 0.05048076923076923
7 0.17067307692307693 0.12139423076923077 0.15384615384615385 0.06490384615384616
6 0.07692307692307693 0.6153846153846154 0.15384615384615385 0.0625
1 0.0733173076923077 0.6622596153846154 0.1466346153846154 0.06009615384615385
1 0.06850961538461539 0.7127403846153846 0.13701923076923078 0.06490384615384616
30 0.06129807692307692 0.8425480769230769 0.12259615384615384 0.06490384615384616
11 0.0625 0.7944711538461539 0.125 0.07451923076923077
12 0.056490384615384616 0.8954326923076923 0.11298076923076923 0.06490384615384616